0_0_0_1541.snp 1 0.4726451635360718 0.5273548364639282
0_0_0_1614.snp 0 0.47668516635894775 0.5233148336410522
1_0_0_1388.snp 1 0.44616419076919556 0.5538358092308044
1_0_0_1581.snp 0 0.537817656993866 0.46218234300613403
2_0_0_1104.snp 1 0.43064582347869873 0.5693541765213013
2_0_0_1295.snp 0 0.5118926763534546 0.4881073236465454
3_0_0_1238.snp 1 0.42083269357681274 0.5791673064231873
3_0_0_1419.snp 0 0.5372682809829712 0.4627317488193512
4_0_0_1005.snp 1 0.42691004276275635 0.5730899572372437
4_0_0_1970.snp 0 0.547881007194519 0.45211902260780334
5_0_0_1309.snp 1 0.41984015703201294 0.5801598429679871
5_0_0_1693.snp 0 0.5361840128898621 0.46381598711013794
6_0_0_1402.snp 1 0.38532358407974243 0.6146764159202576
6_0_0_1601.snp 0 0.5444580316543579 0.4555419683456421
7_0_0_1393.snp 1 0.46063125133514404 0.539368748664856
7_0_0_1702.snp 0 0.5287840366363525 0.47121596336364746
8_0_0_1254.snp 1 0.3635846972465515 0.6364153027534485
8_0_0_1441.snp 0 0.5309665203094482 0.46903344988822937
9_0_0_1410.snp 1 0.4249343276023865 0.5750656723976135
9_0_0_1535.snp 0 0.5217270851135254 0.4782729148864746
