0_0_0_1541.snp 1 0.45886778831481934 0.5411322116851807
0_0_0_1614.snp 0 0.4659844636917114 0.5340155363082886
1_0_0_1388.snp 1 0.4392491579055786 0.5607508420944214
1_0_0_1581.snp 0 0.5251121520996094 0.47488781809806824
2_0_0_1104.snp 1 0.42328763008117676 0.5767123699188232
2_0_0_1295.snp 0 0.4967648386955261 0.5032351613044739
3_0_0_1238.snp 1 0.4189732074737549 0.5810267925262451
3_0_0_1419.snp 0 0.5218930244445801 0.47810694575309753
4_0_0_1005.snp 1 0.41726505756378174 0.5827349424362183
4_0_0_1970.snp 0 0.5351259708404541 0.4648740291595459
5_0_0_1309.snp 1 0.4221869707107544 0.5778130292892456
5_0_0_1693.snp 0 0.5176355242729187 0.4823644757270813
6_0_0_1402.snp 1 0.38558411598205566 0.6144158840179443
6_0_0_1601.snp 0 0.5265745520591736 0.4734254479408264
7_0_0_1393.snp 1 0.4527192711830139 0.5472807288169861
7_0_0_1702.snp 0 0.5107875466346741 0.4892124533653259
8_0_0_1254.snp 1 0.37330347299575806 0.6266965270042419
8_0_0_1441.snp 0 0.5213301181793213 0.4786699116230011
9_0_0_1410.snp 1 0.4214732050895691 0.5785267949104309
9_0_0_1535.snp 0 0.5090352892875671 0.49096471071243286
