0_0_0_1541.png 1 0.7964627146720886 0.20353728532791138
0_0_0_1614.png 0 0.2962085008621216 0.7037914991378784
1_0_0_1388.png 1 0.2584468722343445 0.7415531277656555
1_0_0_1581.png 0 0.5959264636039734 0.4040735363960266
2_0_0_1104.png 1 0.25972986221313477 0.7402701377868652
2_0_0_1295.png 0 0.6516016125679016 0.3483983874320984
3_0_0_1238.png 1 0.22218680381774902 0.777813196182251
3_0_0_1419.png 0 0.7068619132041931 0.2931380867958069
4_0_0_1005.png 1 0.5366438627243042 0.4633561670780182
4_0_0_1970.png 0 0.8194431662559509 0.18055681884288788
5_0_0_1309.png 1 0.518020749092102 0.48197922110557556
5_0_0_1693.png 0 0.8001962900161743 0.1998036950826645
6_0_0_1402.png 1 0.38105249404907227 0.6189475059509277
6_0_0_1601.png 0 0.6569840312004089 0.34301596879959106
7_0_0_1393.png 1 0.4563804268836975 0.5436195731163025
7_0_0_1702.png 0 0.5338647365570068 0.46613526344299316
8_0_0_1254.png 1 0.27047455310821533 0.7295254468917847
8_0_0_1441.png 0 0.4806012511253357 0.5193987488746643
9_0_0_1410.png 1 0.3579149842262268 0.6420850157737732
9_0_0_1535.png 0 0.56364905834198 0.43635094165802
